Index - Ι. J.

1010100110 6500011000. 262.

. 100 mulier. 20.

Iiyp. 363.

1000.
1006006.
Ivech.
Ivko.
Ivsich.
1000010.
10000 31. Andreae. 212. ,

1060 31. Βο06. 239. 244.

100000 31. 11εο10101. 51.

1000 31. (3000006. 289.

1006006 31. Dragchyn. 287. 240.
10000 31. 110050ογ0. 228.

Im fil. Ιο00 237. 289. 244. 249.
10000 fil. 1000600237.
100006110001101. 76.

10006006 31. Lepsa. 360. 361.

1000 fil. 6100011182.

1000 31. Mathe. 162. 166. 197. 201
100000 31. 61100101. l. 180. 204.
1000 31. 0600001οο10. 9.

10000 31. Pauli. 205. 204.

1000 31. Ρο10001. 48 67.

1000 31. Radhen. 831.

100000 31. Τ6οο00. 17.

1000 fil. wlkozlai. 214.

100000 10100. 62

1000 proximus Βο060011. 69.
10001060510. 88. 236. 239. 241.
100000 (10 600100. 80. 81. 143.
10006 (10 0. 8100000. 348.
1111111011· 1 000. 000. 000. 000.
10000.

100010.
10001060. ⁸⁶

100060.
100060 31. 10000 241.

1000600 0006101100. (10 6000060. 139.
1000600 31. (1100506. 306. 306.
1000600 61. 1000. 162.

1000600 31. 100061. 23.

1000600 31. Marci. 37. 38. 40.
1000600 custodis. 186.

1000600 famulus. 31.

Jacomellus. 71. 90. 106. 110. 162.
10100001100 163. 269. 273. 850.
1060001100 Kytini. 281.

105000. 26.
1010006. 101.
10601106

8. 0.

0.

1000600. 66. 104. 200.

Jaquetych 203.

1010601. 176.

1010110. 63. 81. 82. 83. 124.127.128.
129. 133. 163. 171. 174. 176177.
198241. 243. 246. 256. 267. 269.
ἓθὲ. 263 236. 310. 363. 364. 360.

101000. 111.

1010οο 31. Wlxa. 331.

106000 26. 48. 82. 83.

10600. 227.

10600 133.

101010 mulier. 295.

101601. 193.

10006006. 1. 4. 6. 13. 23. 28. 38. 41.
42. 36. 69. 78. 88. 143. 143. 172.
197. 213. 226. 237. 246. 264. 263.
339. 362. 363.

10006006 00000 (10 6100οο060. 137.

100060060 mulier. 242. 243.

10006000. 38. 39. 42. 46. 47. 33. 86.
109. 146. 148. 344.

100000 fractio. 106.

10000 01110197.

1000. 860.

1000 Stephanus. 3.

100100600060, 10000. 21.

100100600οὴ Ρο1000. 360.

1010610 1000. 276.

10110142. 144. 146. 149. 160. 329.

1033300106 Marcus. 168.

1060510000 civit. 1199
0 (10 Medae. ¹

106051οο00 communis. 232.
106051οο00 (10 Nova 01110. 103.
1060510000 (10 Ηο00060. 1 Μ

0 0 Ρο1000100.
106051001000 Elye. 237.

joculatores:
110000101οι. 111. 207. 214.
11Ιο01000. 2. 6.
Stephanus. 122. 124. 126.
101001νο0 2. 60. 99. 126. 166. 168.
170. 173. 236. 246. 232. 278. 279. ·

’ 803. 363.

10600000110600000 286.

10600000 Ηο050000. 168.

10600000 ’1 001001000. 239.

10600000 000610. (10 Vrbouch 293.
1060000010. custodis. 174. 177.
1013οἒὃοοο nepos 00010810. 176. 224. 223.

10600000 familiaris archiepiscopi. 101.
10600000 villicus. 306.

10600000 pellifex. 148.

10600000 privignus Myreni. 107.
10600000 familiarii. 189.

10600000 1060510. 168. 174.
10600000 famulus. 208.

10600000 (10 Cheh. 178.

10600000 (10 Craleucb. 29.
10600000 (10 61οοοο060. 174.
10600000 (1οΡ0000οῐ0. 806.
10600000 (10 80110000. 289.
10600000 (10 11500006. 60.
10600000 31. ,4016οο11 286.
10600000 31. Benedicti. 68. 61. 63.

 

