Index. — C.

18} {g} 191. 195. 206. 273. 283.
Paulus. 67. 6960. 67. 68. 74127.
148. 153. 168. 160. 172. 226.
2884 340.
Petrus - Ρ1111111(Ρ111111). 26101.
142. 172. 237. 246. 276. 277. 313.
Philippus. 126. 226.
Symou. 8. 9 12. 162046. 67. 94.
96- 106118. 126129.
Stephanos 203. 357.
Thomas. 266.
chhek. 228.
171111111293.
camirpririom. 4. 226.
carnium potentialis receptio 172.

carpentarii:

Anthonius. 290.

6111111126.

Egidius. 203.

Fabianus. 23.

Georgius. 32. 48. 66. 68. 91. 124.
126. 121161. 185. 211. 212. 213.
223. 236. 217. 281. 282. 294. 296.
296. 298. 299. 351. 362. 369.

11111 - Johauues - Ivchech. 60.
62. 63. 66. 71. 36 102.103.110.
119. 120121. 130133 181. 184.
186. 199. 200. 202. 210. 238. 259.
260. 266. 266. 273. 276. 344.

Jakur. 201. 203. 206.
Marcus. 300.

Mareuus. 184.

Martinus. 2. 39. 13. 1416. 18.
23. 44. 46. 67. 63. 66. 107. 116.
116. 113. 131. 181. 227. 236. 239.
241. 243. 246. 260. 303.

1111111132.

Mychael. 269. 361.

Nicolaus. 59. 61. 63. 64. 102. 103.
109. 193. 195. 196. 242. 243. 262.
344. 366.

8111111208.

Thomas 161. 188. 189. 190. 131.
{g} 289. 290. 294. 296. 297. 298.

castellani:

Emericus. 143.

mmmpffimmmi

» bani 11111290.

» de Chicha 326.

a de Ozel 274. 276. 277.
caudae equorum. 7.

caules cum dolio. 228.

causae sopitae et sedatae. 219.
61111 Nicolaus. 2.

’ cellarium. 6. 78. 162. 284. 310.

oeneus super piscatrices. 69.

11160111. 77.
Cemechna mulier. 179. 183.

369

Ceruichicha Mykus. 189. 191.

certitudo ruaJor. 16.

6111111110 fil. Peohec. 193. 196. 208.
219. 220. 221. 222. 236. 266.

6111111111. 177. 220. 242.

6111111111 Paulus. 107. 109. 111. 114.
117, 138. 817. 348.

Chaplich Stephanus. 188. 132. 193.
201. 219. 220. 221. 222. 276. 232.
293. 294. 297. 329. 360.

6111111111. Paulus. 210. 211.

Charanthouich 219. 220. 261.

61111111, oppid. 209.

6111111, 1111118188. 350.

61111111 Johauues. 1. 4. 22. 34. 36. 83.
40. 66. 66. 67. 69. 71. 86. 86. 88.
89. 31. 92. 93. 96. 97. 98. 99102.
106109110. 111. 117. 129. 136.
139. 141. 146. 148. 151. 166160.
161. 162. 164. 186. 233. 342. 344.
316. 347. 348. 349.

Chepemye Syruou. 201. 206. 207. 208.
210. 211. 213. 240, 242. 278. 363.

Cheruech. 24. 28. 36. 43. 97. 247.

61111111111111. 71.

2 Marcus. 60.
a Peims. 2611.

6111111111 dictus Puteo. 60. 72. 77.

Cheruech 111. orotuyk. 339.

Cheroech maguus. 339.

Cheruech parvus. 26. 37. 47. 60. 61.
98. 102. 137. 139. 144. 311.

Cheuechoeti Nicolauo. 167. 170. 173.

61111111. 185.

61111111. 2. 21. 24. 27. 39. 73. 132

6111111111 uxor Milogled. 136.

Chemomerch 11111. 43.

Cheruouich. 118.

Chesaiirouich Blasius. 333. 334.

Chezeuiche. 173.

6111111111 Georgius. 271.

Chiplich Thomas. 7. 21. 29.

Chon. 332.

Chopor. 28. 57.

6111111111. 129.

Chuchenouich. 301.
1 666866641161168111111111(1111011111.161.
184. 191. 193. 196. 210. 211. 212.
213. 216. 232. 234. 308. 352. 363.

Chsstffiuechsshudauchichivan-JohauueS.

49. 61. 61112. 166199. 283289.

6111111111. 1. 4. 22. 26. 29. 34 44.
116111111
mmmmmmm

jffimmmmmm
mmm

4 6111111111 31111164.
i Chuethk 1111011276.

 

