Index. - L.

Lehcumuald. 17. 50. 57. 58. 59. 61.
62. 64. 89. 30.

Leon. 79.195. .

1666611166 de Vdina. 27.

Lep (1611166625. 47.

161116. 30.

1611661179.

1611666170.

1666661116, civit. 85. 138.

16661 Paulus. 299. 295.

166611 de Nova villa. 856.

166166. 252.

Liber Ιο6661166.9.10.12.13.26.

116661 28. 81. 33. 86. 39. 46. 51.
53. 54. 55. 56. 58. 71. 75.
86. 87. 90. 91. 92. 93. 100.
115. 121190. 131. 184. 185.
136. 138140. 142143. 146. .
147.150.151.158.155.160.
162163. 166. 181. 185. 191.
195. 199. 205. 242. 261. 300.
307. 347. 351. 357.

116611 Nicolai aurifabri. 347. 348

libri subtractio. 239.

ligatio munuum 6 tergo. 36.

ligna. 830.

ligni venditio. 314.

lignorum comparatio. 214.

ligo. 41.

ligonizatio trina. 85.

linteamina. 35. 48. 203.

1116666, castrum. 61. 87.

11ρο666661 Nicolaus. 172. 208. 210.

228. 244. 263. 268. 283. 356.

Lipuich Nicolaus. 284. 291.

116 de testumenio. 279. 280.

1116166 civitatis. 19.

1116166 expeditoriae. 124. 210. 218 247.

1116166161666, 13. 216.

literae inpignoratitiae. 17.

literae inquisitioualea. 105. 351.

1116166 regales. 125.

literarum exhibitio. 28, 151182.

literarum inpignoratio. 194. 861.

literarum perditio. 50. 52.

literarum productio. 166.

literarum redemptio. 50.

1116161616 restitutio, 183.

11 1 6 1611 :
Anthonius. 231. 294. 235. 249. 246.
248. 250. 264. 268. 276. 278. 293.
Β166166. 73.
Demetrius. 97.

Fabianus. 106. 110. 128. 130. 166.
168. 173174177. 180. 182. 200
239. 241. 243. 245. 264. 286.
290. 300. 303. 358.’

Georgius 28. 31. 52. 65. 88. 89.
91. &¹⁹93 95. 96. 98. 99. 139. 148.
145148. 150. 155. 171. 174. 181.
187. 192. 261. 847.

181

11666148.

Jacobus. 256.

Johauues. 52. 64. 71. 78. 108. 109.
111. 116119. 120194 199. 200.
232. 254. 259. 260. 264. 266, 289.
305. 339. 343. 362. 364.

Martinus. 319.

Μ616166. 112.

Nicolaus. 214. 226. 307.

Ρ66166. 12. 13. 1617. 98. 188199.
200. 208. 215. 231. 233. 235. 237.
{4⁵7⁰ 2664. 271. 273. 277. 284.

Ρ61166. 304. 316. 322. 826. 328.

Philippus. 298.

Symou. 195. 201.

Thomas. 306. 307..

111 (66161) 5.

16666161 (16661 66161166). 1166611666.

Paulus.
132135.

161116 Nicolaus. 55. 66.

16111166 111611. 66. 196. 205. 206. 207.
213. 214. 215. 240. 243. 244. 254.
357. 358. 361. .

16161 (16161 - aucupor). Antho-
nius. 310.

1616111666. vicus. 90.

16616 (1616), vicus. 81. 84.

16166366. 65. 289.

161166347.

1611166116116100.

16161 Georgius. 175. 176177. 192.
193. 194. 196. 197. 199. 200. 201.
203. 208. 250. 253. 293. 295. 298.
306. 307. 308.

1661611666. 200. 249362. 364.

10616. 88. 89, 90.

166666166. 17.

16661 4111666166. 307.

Lucas villicus. 103.

16666 fil. Draxe. 125. 360.

16666 6116666616. 180.

Lucas 111. 1666611. 220.

Lucas 111. Μ616611. 17.

16666 fil. 11166666. 355.

Lucas de Gay. 146. 151. 158.

16116 de Vgra. 282.

16666166. s. o.

16666166 procurator. 125.

16666166 fil. Draxe. 95.

16666166 fii. Miclyu. 13.

16616 6666616 Johanuis. 363,

Lucia fii. Simonis. 332.

16616 puella. 204.

lucii iguli
Johuunea. 225. 245.

6161661. 276368.
1116616711. 294. 295. 297.
Ρ61111111116.224.226.

25

 

